image: carto_map.pgm
resolution: 0.010000
origin: [-0.934912, -1.043900, 0.000000]
negate: 0
occupied_thresh: 0.65
free_thresh: 0.196

