image: carto_map.pgm
resolution: 0.010000
origin: [-3.554548, -2.225551, 0.000000]
negate: 0
occupied_thresh: 0.65
free_thresh: 0.196

